75
36 57 23 52 54 12 59 48 8 27 7 6 23 63 10 37 50 36 62 20 42 13 2 22 26 15 58 52 57 16 4 10 26 47 64 24 31 35 21 34 9 4 38 12 33 34 54 50 45 9 64 43 3 13 44 41 18 19 55 12 3 5 51 27 64 11 59 21 17 11 49 9 45 25 14 
38 63 54 64 30 53 21 20 9 51 15 41 52 17 47 17 44 17 11 44 3 53 59 23 8 8 25 3 9 55 53 2 29 18 3 34 15 9 25 17 56 61 24 59 58 31 39 6 55 53 36 45 47 18 37 34 26 53 24 12 44 33 1 28 40 32 29 36 60 9 23 28 5 22 60 
52 54 53 13 43 11 42 22 18 35 10 24 56 40 25 43 32 58 13 52 18 51 22 24 45 63 24 1 51 48 30 47 47 9 41 16 59 41 1 41 36 47 22 1 47 42 39 40 62 1 12 53 17 12 45 9 26 51 46 28 14 26 14 57 43 59 4 35 46 55 18 31 56 28 51 
50 29 34 28 50 38 2 35 40 30 35 4 34 33 49 44 46 61 8 4 57 26 60 39 54 63 31 40 56 58 37 1 38 13 13 9 28 40 3 19 50 55 11 24 22 22 14 18 50 53 14 10 24 53 56 44 35 1 34 8 30 50 17 62 37 54 44 63 54 27 53 59 54 60 62 
36 48 26 24 51 41 47 31 7 40 26 55 60 47 36 61 29 11 53 8 57 12 26 20 54 56 27 27 63 4 50 51 55 18 52 27 11 60 31 26 15 32 10 54 39 42 29 19 7 42 2 20 28 63 13 30 6 32 51 11 40 40 64 40 40 63 1 21 25 45 12 11 32 30 55 
7 28 51 54 35 48 27 30 6 31 32 33 49 10 9 6 62 19 35 39 61 17 51 32 32 46 33 63 33 43 2 55 19 39 36 3 12 4 21 39 10 8 43 40 39 31 46 58 15 21 49 50 62 4 20 23 56 51 7 33 64 22 3 15 43 13 11 54 13 15 4 61 36 42 46 
39 24 59 12 18 43 51 12 8 56 44 3 8 20 26 2 30 38 37 27 52 47 5 19 34 59 63 1 13 10 17 60 54 53 3 56 15 20 44 34 45 50 30 58 19 2 41 13 38 9 52 18 10 10 51 22 33 28 33 27 34 25 15 24 18 54 33 29 7 57 26 23 56 35 50 
50 18 56 36 10 33 51 37 6 48 22 58 17 29 47 34 18 16 1 22 8 31 63 64 53 16 59 33 18 51 59 17 57 32 16 5 58 58 47 52 55 48 39 38 42 15 48 45 61 31 10 14 45 28 30 54 8 12 47 28 20 18 28 30 10 58 29 24 63 59 29 22 63 11 23 
9 61 29 48 39 46 48 42 10 31 34 50 55 50 9 11 60 4 4 44 46 12 17 43 49 17 64 54 26 33 58 34 9 36 41 27 55 61 57 54 39 6 59 7 61 10 29 44 39 50 24 44 47 46 23 46 8 30 56 28 14 64 21 60 47 1 62 40 17 11 44 45 41 49 62 
15 7 15 16 21 61 4 61 10 34 33 55 23 38 17 56 52 18 62 44 14 54 22 38 45 25 6 2 7 13 34 35 43 12 22 50 27 31 64 22 50 10 15 37 29 16 11 20 52 35 42 48 63 53 47 37 41 51 40 34 1 54 21 22 3 44 26 25 43 13 36 38 39 13 26 
60 42 38 32 2 24 34 58 49 6 28 15 14 37 19 34 59 27 56 37 39 39 49 36 31 32 60 14 2 27 40 45 33 31 63 45 21 60 7 23 19 35 9 18 32 18 1 33 48 16 52 49 43 40 49 19 28 47 52 64 21 40 44 29 27 51 38 36 56 33 62 64 2 62 9 
48 2 61 13 62 63 29 24 40 33 57 21 23 14 56 60 53 44 26 62 11 61 59 64 56 32 48 26 29 33 49 50 13 34 24 2 26 27 37 46 33 60 35 60 52 41 29 59 34 46 11 31 16 55 49 38 29 2 35 42 51 36 23 16 57 54 54 18 23 38 16 5 29 51 57 
61 31 22 44 42 7 10 16 56 11 20 47 12 56 12 39 19 42 58 17 38 6 17 29 46 30 23 27 23 14 23 16 14 60 58 32 16 57 64 37 61 35 6 58 57 48 1 34 51 20 35 17 39 56 28 60 52 32 33 62 27 10 23 58 28 63 51 50 57 55 41 12 22 13 12 
8 45 17 37 45 34 34 36 8 12 31 27 22 64 49 33 59 6 35 9 24 36 22 59 26 22 11 17 2 16 48 23 56 47 22 35 9 59 59 26 20 55 44 58 11 48 49 9 42 40 21 15 13 50 27 32 26 47 11 57 44 32 12 5 50 43 39 59 42 37 4 34 43 31 30 
50 21 52 20 5 29 15 3 27 14 52 64 16 29 30 2 53 1 51 39 2 32 26 32 31 53 50 31 51 28 12 41 13 44 63 18 27 14 28 10 57 38 29 44 59 15 47 13 46 16 32 8 31 47 59 40 35 49 42 28 37 63 37 60 43 25 2 60 62 15 18 26 13 28 33 
47 39 21 61 26 57 24 16 11 33 3 47 63 20 31 2 60 16 16 64 3 25 29 6 20 32 35 21 39 36 8 25 12 27 25 40 21 1 34 42 50 37 12 45 21 52 20 11 42 23 16 24 48 26 10 23 22 21 23 29 22 5 38 49 55 4 51 24 42 6 36 4 59 5 19 
42 42 52 26 62 28 62 50 14 18 52 5 46 33 5 45 4 40 63 10 4 59 62 41 54 6 29 45 41 46 55 36 61 49 52 63 54 23 19 27 31 6 46 47 10 46 22 8 31 39 53 7 41 56 36 36 9 30 38 38 37 38 48 57 8 40 63 18 4 25 20 6 5 38 58 
39 11 18 29 13 2 46 5 53 29 16 41 36 45 14 33 9 62 30 20 27 52 8 38 43 55 7 27 47 31 30 64 4 6 38 15 35 25 39 38 5 15 25 7 24 55 45 58 26 23 63 42 28 29 41 1 13 59 48 8 55 32 62 16 46 36 52 10 34 18 44 41 64 57 64 
49 10 1 33 31 33 16 38 1 28 51 58 40 49 51 42 51 55 29 58 20 42 51 60 3 15 63 34 24 14 42 39 7 26 45 27 5 53 16 11 26 7 58 11 47 64 28 1 14 47 34 63 61 25 7 8 2 32 28 29 28 37 42 24 32 41 54 59 34 41 3 53 54 48 56 
29 15 50 55 35 46 29 48 23 14 34 54 19 11 17 62 33 41 1 8 18 22 26 16 47 6 15 11 33 2 64 57 50 34 37 19 35 41 54 17 50 35 56 14 24 16 25 43 63 10 58 30 37 64 15 12 5 13 20 48 20 32 10 33 51 4 2 11 11 54 7 43 43 58 5 
32 15 64 28 24 39 37 51 60 40 6 9 14 20 32 61 16 27 12 15 31 35 2 11 21 24 25 21 28 29 21 55 23 21 37 49 60 17 15 50 51 2 47 38 7 13 20 46 14 56 12 41 10 39 64 16 25 39 4 27 24 39 52 11 36 16 12 15 37 57 1 6 40 53 22 
52 5 30 49 41 54 41 36 27 60 21 2 52 26 35 40 9 7 33 63 52 13 17 32 38 5 1 47 32 26 1 5 57 40 4 20 6 13 1 62 37 31 8 40 30 50 34 39 34 37 7 52 62 36 8 17 41 21 38 2 16 46 44 12 25 32 54 37 2 22 59 12 56 25 50 
45 30 11 54 6 56 44 6 45 61 38 61 62 61 19 63 21 51 23 37 38 62 17 23 64 8 1 27 21 45 64 9 26 55 38 20 51 8 43 42 12 51 59 32 8 32 46 5 41 16 43 33 63 24 16 6 18 40 5 25 58 44 49 1 63 59 40 25 57 55 31 42 3 12 16 
18 52 42 7 42 24 36 9 4 45 55 24 3 33 20 2 28 54 32 41 27 30 26 13 52 29 48 11 64 45 15 31 27 64 31 8 50 17 43 31 61 7 58 60 12 21 61 11 11 59 2 54 35 57 27 44 24 20 59 37 62 50 24 24 51 20 23 16 21 14 5 12 62 9 35 
59 59 25 46 64 19 27 48 29 62 53 36 57 36 35 19 23 57 57 25 59 54 59 47 53 58 62 15 53 57 39 32 1 33 19 32 58 14 15 37 6 29 43 54 19 40 37 43 54 16 28 45 31 52 20 6 40 11 2 55 51 63 53 41 30 61 57 1 34 14 5 29 60 40 48 
61 60 30 51 37 63 51 35 10 32 6 25 33 47 21 7 54 22 19 54 39 8 25 47 13 41 26 54 27 20 50 32 31 51 43 24 58 14 6 45 51 31 30 19 6 47 59 51 58 59 52 29 12 28 15 56 23 45 31 24 54 33 25 60 3 2 48 41 8 24 33 19 43 31 30 
38 43 6 10 62 62 48 51 47 2 37 49 2 55 55 49 28 37 28 55 9 2 25 38 30 16 63 40 57 3 60 17 64 22 6 37 52 27 3 38 16 54 16 34 33 27 23 27 35 28 59 50 28 21 26 45 58 10 36 55 63 1 37 23 24 49 16 30 61 58 42 58 18 46 37 
50 28 58 59 8 10 19 5 30 55 5 52 50 31 13 40 2 6 25 22 16 54 21 54 19 27 24 63 48 34 1 15 33 45 14 30 13 33 50 11 16 35 5 37 6 62 54 64 36 36 12 9 29 31 26 42 32 56 52 36 29 58 20 18 12 19 7 54 21 30 14 17 35 63 40 
60 29 6 23 10 51 10 60 56 46 11 61 21 43 64 26 28 15 42 49 34 61 58 9 31 18 56 41 52 63 23 10 35 44 22 36 61 45 27 8 36 8 17 53 34 16 58 47 10 14 19 40 14 26 44 33 64 22 25 60 31 45 25 62 5 46 17 50 57 51 28 35 39 42 46 
43 57 44 36 5 33 50 3 38 44 7 58 23 9 32 20 20 7 4 3 13 37 46 59 17 29 7 47 10 46 3 24 42 43 15 13 61 53 46 30 41 47 7 46 4 14 17 47 54 19 22 8 40 15 20 48 39 46 8 24 28 10 45 4 23 6 46 24 57 29 58 56 57 14 16 
3 48 61 27 11 58 13 63 22 54 18 20 10 34 36 59 12 2 53 47 10 37 36 10 53 37 17 32 61 8 46 57 46 38 7 10 43 40 55 60 49 31 53 13 55 4 53 43 57 44 34 32 40 31 15 9 43 63 29 55 43 60 44 2 48 20 8 16 41 9 3 59 26 46 48 
64 37 2 1 64 21 51 53 28 29 9 3 6 21 37 14 48 63 9 23 50 42 51 18 24 23 57 61 64 6 42 29 63 41 32 60 40 22 6 36 50 16 23 45 39 26 61 5 46 50 35 46 52 39 53 27 30 36 4 10 27 9 18 3 40 19 22 22 16 11 36 14 39 12 63 
38 19 36 13 26 24 50 48 13 55 38 10 19 23 5 53 10 27 61 7 38 51 39 43 8 59 41 11 34 47 22 61 63 31 55 63 10 58 43 38 36 19 64 34 51 10 21 42 39 26 44 60 11 53 33 22 4 23 62 1 46 61 56 51 40 24 42 34 43 30 33 10 31 59 64 
63 62 33 27 54 63 47 57 38 2 43 35 19 48 9 8 50 23 48 3 28 23 43 44 18 44 55 43 60 38 8 53 1 13 12 60 48 39 47 9 26 56 29 42 19 40 49 49 33 31 15 57 29 45 52 60 24 41 60 21 27 3 31 33 28 3 37 13 55 56 63 49 3 59 11 
10 31 35 13 52 37 8 18 30 13 13 26 47 21 30 25 48 59 43 38 6 39 27 22 7 40 24 40 31 4 2 5 64 13 20 28 43 59 1 40 25 52 21 59 51 54 6 25 60 1 3 29 19 32 60 11 8 33 25 32 62 19 39 23 44 56 26 63 2 24 42 43 16 47 1 
44 48 7 44 19 8 41 63 42 58 9 48 22 25 62 2 45 2 49 42 33 18 45 23 9 40 8 21 16 19 20 56 39 39 48 54 35 14 15 56 2 45 35 60 63 41 45 38 17 48 40 39 17 14 30 7 14 54 34 49 62 61 43 39 28 49 52 39 37 21 7 31 21 53 55 
48 43 16 31 36 7 13 40 59 55 60 24 17 48 25 32 45 18 29 23 9 33 23 48 10 19 9 56 28 45 16 58 22 37 34 26 29 59 44 12 55 3 51 9 4 56 54 58 19 30 26 56 7 5 61 11 1 20 41 34 26 10 17 9 21 5 35 15 52 23 47 38 36 3 40 
9 11 41 58 31 28 3 50 4 11 20 14 27 31 1 26 45 53 60 50 25 17 8 21 58 64 7 6 35 32 62 48 28 5 12 19 17 3 40 54 37 7 35 58 57 8 37 54 5 21 11 10 61 34 29 62 5 20 13 19 47 25 38 58 31 59 48 7 31 16 58 39 62 21 41 
32 29 13 54 12 2 41 38 21 64 54 30 64 45 9 24 39 44 1 60 32 29 55 3 47 58 58 20 64 42 48 31 6 12 9 27 52 27 53 13 37 38 12 52 38 56 58 28 2 55 43 37 34 29 31 57 24 48 38 55 30 46 22 18 43 10 23 29 50 40 48 3 43 43 58 
54 12 59 44 60 34 13 40 57 13 31 16 55 43 45 48 41 50 33 31 34 42 15 47 8 56 47 20 11 22 11 60 12 56 43 54 63 32 38 47 17 62 18 27 39 5 28 39 53 46 45 11 62 6 54 42 14 35 26 64 25 57 56 15 42 16 10 30 51 19 16 51 39 42 36 
39 37 9 21 27 34 7 64 17 22 29 46 42 64 8 51 43 59 8 62 42 25 23 11 33 58 62 31 50 53 63 16 24 13 17 51 21 6 63 1 38 29 56 58 51 22 8 43 9 33 9 28 6 12 4 5 48 38 50 43 18 26 14 62 7 5 43 17 15 49 48 15 14 29 5 
64 52 6 19 43 10 52 60 1 36 31 6 28 37 43 31 56 12 59 33 35 55 49 51 29 14 29 36 28 55 58 4 31 48 15 34 14 30 45 60 23 62 63 51 57 2 52 63 23 44 27 42 4 9 51 61 38 22 31 4 49 40 61 61 31 60 30 42 42 35 23 54 33 35 6 
6 45 45 5 37 59 23 11 57 18 50 38 18 21 33 44 42 1 1 2 34 53 43 38 23 16 4 47 54 26 23 26 50 33 5 38 41 61 18 58 30 53 3 32 60 26 56 55 36 41 52 38 27 63 14 39 44 17 7 60 31 47 2 60 23 35 52 39 11 50 22 9 7 25 56 
29 21 21 63 27 18 8 34 37 17 58 49 24 51 58 32 48 22 24 41 20 47 28 7 56 17 63 26 37 15 22 18 16 30 25 6 21 60 7 20 2 10 57 21 5 22 22 30 64 3 20 1 53 21 60 2 56 3 50 55 59 56 8 18 19 59 57 46 49 12 4 45 22 25 5 
54 63 11 27 61 19 43 36 45 13 57 59 6 61 5 53 56 31 42 31 42 60 57 45 51 48 25 16 19 36 39 60 49 10 6 4 26 7 56 56 12 51 53 55 54 9 62 37 10 55 4 32 25 13 1 2 10 13 58 4 46 12 29 5 2 16 17 23 50 44 64 61 31 57 36 
16 45 10 22 13 21 4 32 7 19 62 60 22 28 51 44 57 42 12 16 63 15 18 21 61 42 16 18 17 5 20 30 10 42 55 57 61 11 50 60 23 8 20 24 51 50 12 48 63 46 56 49 38 28 33 17 22 23 64 5 44 21 7 15 20 23 40 43 5 15 3 42 48 60 40 
53 3 12 7 54 39 56 45 33 33 53 5 3 3 15 19 64 30 32 44 52 40 8 9 51 60 14 21 33 36 36 33 16 29 18 38 50 31 54 49 55 35 29 52 53 34 19 25 3 49 58 15 46 46 4 51 21 8 7 6 15 1 29 22 29 8 43 14 50 22 23 9 11 14 7 
9 9 52 49 52 51 35 54 37 28 51 28 59 47 11 10 16 59 39 52 54 31 6 10 39 5 23 64 22 31 42 36 19 51 43 14 41 18 43 30 25 11 9 64 6 18 42 39 48 8 40 9 16 4 6 25 47 30 35 44 49 13 40 9 6 63 37 3 53 47 27 19 36 45 58 
31 6 14 64 22 6 31 21 19 48 26 55 15 28 53 15 57 32 11 21 43 36 47 31 48 14 39 53 3 33 18 6 25 40 4 36 43 29 42 9 45 31 37 50 21 63 32 64 52 20 9 59 14 43 25 53 48 58 1 7 11 5 48 14 58 48 6 44 43 17 36 12 33 26 17 
57 32 52 52 19 12 64 63 26 8 6 36 25 51 7 1 41 39 22 45 27 61 63 17 14 60 50 41 9 7 14 19 12 14 51 14 48 26 8 5 21 27 22 22 27 43 24 24 53 30 14 43 53 35 36 26 27 33 36 4 16 21 15 58 36 59 15 44 19 7 23 41 32 37 43 
46 7 59 45 54 61 5 19 49 3 5 29 48 45 30 34 15 28 50 46 11 56 53 49 39 2 9 11 8 6 22 52 18 43 51 55 11 41 45 51 41 12 20 50 40 18 22 5 53 30 45 7 8 29 30 38 17 49 40 1 44 28 32 18 1 10 25 25 25 35 41 45 54 57 28 
5 7 28 38 29 15 59 7 41 54 37 8 60 63 27 39 53 3 31 56 22 26 14 55 43 22 18 6 38 22 24 20 37 35 60 42 45 55 20 23 32 23 36 53 33 62 43 52 34 9 56 34 21 35 32 5 26 21 6 64 39 20 26 29 15 50 19 9 19 39 30 2 8 6 24 
26 34 45 50 38 57 60 59 47 17 38 37 45 30 52 30 21 26 17 61 33 40 58 16 53 50 25 42 29 51 15 39 55 49 13 35 60 36 26 8 45 21 43 41 45 6 29 17 18 25 19 19 29 14 32 52 56 34 55 58 9 40 28 28 19 55 48 57 34 49 54 56 33 53 61 
22 34 3 26 35 64 28 6 52 19 25 24 55 40 64 42 53 5 55 51 45 58 30 9 49 4 6 17 34 38 25 12 44 9 29 46 64 54 26 1 3 52 24 20 11 51 41 64 53 30 63 23 60 14 32 35 46 47 27 18 2 41 29 37 10 40 43 1 37 21 33 5 44 58 27 
54 14 45 2 16 1 25 52 3 49 50 22 16 48 47 30 57 12 60 2 5 34 8 45 40 13 33 39 22 50 60 54 22 6 48 53 60 45 6 52 60 39 57 40 25 13 9 38 13 20 60 48 45 63 56 40 46 22 10 22 41 44 63 22 37 50 10 48 37 48 34 55 62 22 55 
12 42 23 56 20 41 42 54 30 33 54 53 55 58 7 28 45 47 41 14 9 13 50 11 63 9 38 37 22 15 49 21 5 4 11 43 28 11 53 2 56 46 25 25 47 40 25 40 56 30 49 30 1 55 21 52 63 60 18 17 10 32 64 22 62 25 62 18 6 61 11 61 22 58 5 
15 5 40 22 40 13 1 51 56 47 64 20 45 63 41 46 1 29 20 9 47 35 33 63 38 59 55 4 4 1 6 57 28 60 59 42 21 26 33 3 21 33 22 31 18 55 14 24 49 63 16 5 49 41 47 44 51 44 23 50 55 28 63 15 37 11 51 48 27 37 24 29 4 37 61 
2 28 50 17 6 42 16 20 21 43 45 7 15 26 8 40 34 16 57 7 64 28 34 54 32 50 19 31 36 43 35 60 44 40 39 15 19 37 25 40 10 63 20 36 44 23 4 52 25 14 59 12 26 28 56 18 11 42 60 39 11 53 2 6 58 24 40 17 45 40 42 61 51 63 58 
4 44 25 4 46 21 56 8 33 33 41 37 59 11 45 52 2 59 39 51 29 7 53 12 41 29 26 61 22 13 61 15 62 16 59 14 25 44 35 50 46 20 43 54 19 17 45 10 29 38 7 9 25 52 13 6 15 5 36 16 6 62 36 47 21 16 52 57 5 37 34 35 9 32 46 
24 40 21 39 36 39 31 33 10 47 22 57 50 9 13 32 18 26 51 14 55 24 40 17 6 39 45 23 20 6 29 38 49 56 12 20 43 52 28 48 47 3 38 62 31 48 53 10 3 62 33 12 61 41 18 31 47 2 55 14 36 56 13 23 63 19 24 13 35 33 43 12 45 39 61 
12 33 54 12 25 46 48 32 45 23 56 32 23 28 12 34 35 4 62 37 24 45 37 44 24 20 27 17 3 6 55 33 53 37 53 59 14 62 48 5 22 41 8 28 14 12 15 27 10 41 54 59 10 44 8 5 14 37 51 10 42 35 4 50 55 55 42 52 19 52 5 58 37 21 23 
39 51 23 32 1 39 52 34 59 41 4 39 62 13 57 55 56 50 28 30 14 21 27 49 26 57 9 61 39 64 15 30 26 41 41 22 42 36 8 36 36 25 38 22 8 19 49 31 49 13 38 9 35 46 8 29 9 33 29 46 28 56 51 19 47 63 61 13 59 59 8 28 14 51 14 
3 2 18 38 58 49 52 20 56 42 27 24 11 51 61 19 36 43 56 14 17 53 43 34 64 57 61 30 13 21 55 60 24 28 53 45 19 8 63 5 31 22 22 62 38 9 32 35 10 61 61 24 20 7 24 60 11 25 34 28 46 20 32 12 45 59 10 57 11 20 31 8 29 33 61 
47 13 12 41 18 38 55 64 28 21 21 59 43 20 38 20 3 24 18 14 57 39 44 34 31 41 46 25 2 6 38 42 50 61 57 5 58 32 39 5 39 8 60 61 37 3 59 45 20 33 45 15 39 45 24 39 28 21 11 35 20 53 20 28 16 57 41 59 12 31 19 21 48 10 39 
10 39 55 35 8 1 13 39 29 24 36 61 34 55 44 14 5 18 48 7 60 60 22 57 45 61 33 2 32 47 39 12 34 14 17 30 37 29 38 6 19 30 63 42 35 16 41 20 3 21 33 16 24 8 44 61 18 12 60 22 40 37 15 64 53 63 60 17 40 56 43 13 49 29 15 
1 47 28 26 43 24 39 13 54 26 3 42 29 40 54 3 40 20 53 35 58 4 12 44 61 24 35 60 35 58 2 44 55 55 31 15 10 31 17 45 61 4 52 36 42 3 37 27 10 22 43 43 10 60 19 13 60 49 61 46 52 6 63 55 3 5 48 1 32 48 1 31 42 61 36 
43 42 44 5 45 57 4 34 52 62 11 21 26 36 56 45 64 59 49 62 52 44 39 9 30 60 62 60 25 37 4 14 37 60 47 5 51 53 39 48 33 12 52 1 13 8 33 13 9 63 7 57 27 12 43 42 41 56 11 33 5 1 16 37 5 15 21 11 14 48 64 24 1 36 26 
50 40 55 15 3 44 30 38 22 10 37 17 41 29 18 45 23 64 21 3 36 4 22 19 52 20 63 40 1 63 25 35 38 25 30 4 7 52 59 58 59 56 11 6 16 17 29 58 54 40 40 46 50 60 20 21 16 52 1 43 49 11 51 45 18 49 39 59 30 32 17 14 37 25 24 
2 44 41 45 60 49 48 15 57 42 25 12 17 61 21 15 8 35 52 22 33 23 64 35 50 25 5 37 49 25 36 42 62 2 34 21 28 32 40 37 64 18 60 18 63 29 52 36 45 64 6 44 63 15 60 64 60 19 29 2 20 29 23 17 23 44 44 50 49 26 29 35 12 17 56 
51 19 23 12 59 36 55 11 16 28 31 17 48 38 12 24 18 4 9 63 24 22 23 14 58 64 21 38 50 8 22 59 11 52 42 42 20 58 47 32 22 50 6 2 43 5 3 36 48 58 12 52 38 28 23 63 26 43 55 16 17 63 62 53 3 46 3 24 4 43 3 25 52 25 13 
24 55 61 52 54 6 48 56 36 28 45 34 47 45 42 55 47 1 24 8 54 39 15 61 62 45 4 61 27 10 52 22 41 2 5 6 40 6 17 16 13 2 51 17 26 38 22 18 2 3 32 28 23 45 42 32 32 64 16 35 20 15 62 34 20 23 49 25 25 40 1 49 37 63 34 
45 37 40 45 57 53 38 22 39 61 58 11 39 46 33 43 15 32 16 63 3 40 6 1 64 5 64 60 54 55 45 63 6 10 4 60 36 31 15 21 57 26 21 12 57 54 21 53 56 60 32 53 29 53 13 32 4 20 16 46 56 54 28 54 15 24 33 38 52 37 21 19 58 9 44 
6 2 5 7 47 1 19 13 56 31 38 20 13 16 47 33 21 35 55 15 21 47 1 28 46 18 47 39 37 30 38 45 46 3 3 31 42 11 31 57 31 10 7 25 10 50 31 54 29 54 8 44 27 19 4 35 35 64 25 16 57 53 48 47 9 56 58 15 24 49 36 61 19 13 32 
17 17 42 62 29 18 47 1 64 4 4 1 17 30 24 36 12 27 61 34 14 61 45 22 40 30 63 51 53 4 28 22 1 15 1 8 42 1 23 11 46 24 21 53 5 63 40 62 21 52 8 34 46 22 9 2 64 54 47 21 3 9 38 6 31 58 50 44 15 3 45 54 30 18 8 
44 24 22 3 52 38 43 40 60 9 47 47 15 1 63 62 53 62 14 14 62 25 10 59 51 17 34 15 4 63 29 17 31 13 58 22 2 60 23 55 39 21 47 47 50 25 51 8 53 28 13 28 36 48 64 25 37 47 34 4 21 10 27 57 3 62 35 33 44 38 33 40 41 32 14 

